1	3.25, 5.78
10	43.62, 155.70
12	0.00, 0.04
14	1516.00, 3070.83
16	230.88, 744.43
18	8.25, 57.22
21	1202.00, 5149.96
23	28.75, 37.70
25	1.50, 0.57
27	15.12, 16.04
29	0.00, 0.13
3	1.12, 3.61
30	1.75, 1.43
32	0.38, 1.04
34	0.12, 0.00
36	0.00, 6122.43
38	2257.88, 4103.17
41	6.88, 15.04
43	0.00, 1.91
45	13.00, 108.78
47	97.75, 455.74
49	0.88, 4.91
5	0.00, 475.70
50	228.75, 326.13
52	2.50, 4.13
54	0.00, 0.04
56	3.12, 6.09
58	0.12, 0.13
61	19.00, 38.43
63	0.88, 1.30
65	0.88, 0.65
67	105.00, 114.70
69	94.88, 940.43
7	1359.75, 1161.13
70	522.00, 786.35
72	41.75, 83.43
74	232.38, 352.04
76	0.12, 0.13
78	108.12, 190.09
81	0.00, 0.35
83	22.88, 23.91
85	69.62, 73.52
89	0.88, 13.65
9	2.00, 31.17
90	0.38, 0.13
92	0.38, 0.04
94	0.50, 4.74
96	0.25, 0.26
98	127.62, 125.96
